       N       E                     dE             d eps       ncg     rms          rms(c)
DAV:   1    -0.352530432331E+01   -0.35253E+01   -0.24742E-02  4880   0.116E+00    0.139E-01
DAV:   2    -0.352510660055E+01    0.19772E-03   -0.42690E-04  4937   0.168E-01    0.559E-02
DAV:   3    -0.352499000282E+01    0.11660E-03   -0.94373E-05  2502   0.686E-02    0.142E-02
DAV:   4    -0.352498807162E+01    0.19312E-05   -0.60567E-06  2275   0.200E-02
   1 F= -.35249881E+01 E0= -.35249881E+01  d E =0.000000E+00
