       N       E                     dE             d eps       ncg     rms          rms(c)
DAV:   1    -0.141403690341E+01   -0.14140E+01   -0.95062E-02  4707   0.353E+00    0.238E-01
DAV:   2    -0.141382016166E+01    0.21674E-03   -0.74006E-04  4850   0.253E-01    0.782E-02
DAV:   3    -0.141369633261E+01    0.12383E-03   -0.58711E-05  2607   0.730E-02    0.323E-02
DAV:   4    -0.141369160108E+01    0.47315E-05   -0.98068E-06  2328   0.339E-02
   1 F= -.14136916E+01 E0= -.14136916E+01  d E =0.000000E+00
